$ 1 0.000005 10.20027730826997 50 5 50 5e-11
v 128 416 128 352 0 0 40 9 0 0 0.5
162 224 352 224 416 2 default-led 1 0 0 0.01
w 128 416 176 416 0
s 128 288 176 288 0 1 false
r 224 288 224 352 0 400
x 131 429 171 432 4 12 Ground
x 127 270 169 273 4 12 Positive
x 352 389 382 392 4 12 LED2
r 336 288 336 352 0 800
162 336 352 336 416 2 default-led 1 0 0 0.01
c 288 288 288 416 4 0.000019999999999999998 0.9988871372065827 0.001 0.1
w 224 416 288 416 0
w 288 416 336 416 0
w 288 288 336 288 0
d 224 288 288 288 2 default
c 176 288 176 416 4 0.000009999999999999999 0.9243104762327453 0.001 0.1
w 176 288 224 288 0
w 224 416 176 416 0
d 336 288 400 288 2 default
w 400 288 448 288 0
w 400 416 448 416 0
w 336 416 400 416 0
c 400 288 400 416 4 0.000029999999999999997 1.0580437398254565 0.001 0.1
162 448 352 448 416 2 default-led 1 0 0 0.01
r 448 288 448 352 0 1200
x 465 389 495 392 4 12 LED3
r 128 288 128 352 0 100
x 256 389 286 392 4 12 LED1
